1382 1383 1384 1385 1386 1387 1388 1390 1394 1395 1396 1397 1398 1399 1400 1401 1402 1402 1403 1404 1405 1406 1415 1478
1079 1080 1081 1082 1125 1125 1126 1127 1128 1129 1130 1131 1132 1166 1167 1167 1167 1168 1169 1174 1175 1176 1210
1303 1304 1305 1326 1327 1328 1334 2028 2029 2030 2031 2032 2033 2034 2035 2036 2037 2039 2040 2041 2042 2159 2189
1303 1304 1305 1326 1327 1328 1334 2028 2029 2030 2031 2032 2036 2037 2039 2040 2042 2043 2044 2045 2046 2159 2189
1382 1383 1384 1385 1386 1387 1388 1390 1394 1395 1396 1397 1398 1399 1400 1402 1403 1404 1404 1405 1406 1478 2072
1383 1384 1385 1386 1387 1388 1390 1394 1395 1396 1397 1398 1399 1400 1402 1403 1404 1404 1405 1406 1407 1478 2072
300 301 302 303 304 305 306 307 309 310 311 312 313 449 450 451 455 458 459 1012 1013 1013 1014 1014 1015 1016
1014 1015 1016 1017 1368 1369 1370 1371 1372 1373 1374 1382 1383 1384 1385 1386 1388 1390 1394 1399 1407 1409
1138 1165 1166 1167 1174 1175 1176 1177 1178 1181 1182 1184 1193 1194 1198 1199 1200 1201 1202 1214 1285 1286
1138 1165 1166 1167 1174 1175 1176 1177 1178 1181 1182 1184 1193 1194 1206 1207 1214 1309 1310 1311 1311 1320
1285 1286 1292 1293 1294 1295 1296 1297 1299 1300 1301 1303 1304 1305 1307 1311 1312 1313 1322 1323 1324 2055
1381 1382 1383 1384 1385 1386 1387 1388 1390 1394 1395 1396 1397 1398 1399 1400 1401 1402 1403 1404 1405 1478
1382 1383 1384 1385 1386 1387 1388 1390 1394 1395 1396 1397 1398 1399 1400 1402 1403 1404 1405 1406 1413 1415
300 301 302 303 304 305 306 307 309 310 311 312 313 448 449 455 458 459 1012 1013 1013 1014 1014 1015 1016
1037 1038 1039 1040 1041 1044 1045 1046 1047 1048 1049 1050 1051 1052 1053 1054 1057 1930 1934 1935 1936
1125 1126 1127 1128 1129 1130 1131 1132 1133 1134 1135 1136 1167 1174 1175 1176 1184 1189 1219 1224 1225
1138 1141 1142 1164 1165 1166 1167 1174 1175 1176 1177 1178 1181 1182 1184 1193 1194 1195 1196 1214 1285
1165 1166 1167 1168 1169 1170 1173 1174 1206 1207 1211 1212 1213 1214 1280 1281 1282 1284 2000 2155 2158
1168 1169 1170 1173 1174 1175 1176 1184 1211 1212 1213 1214 1219 1224 1225 1280 1281 1283 1284 2155 2158
1219 1223 1224 1225 1227 1228 1236 1237 1242 1246 1247 1248 1249 1250 1254 1255 1257 1263 1264 2156 2157
1219 1223 1224 1225 1227 1228 1236 1237 1242 1246 1247 1248 1249 1250 1254 1255 1257 1263 1265 2156 2157
1381 1382 1383 1384 1385 1386 1387 1388 1390 1394 1395 1396 1397 1398 1399 1400 1402 1403 1404 1478 2070
1385 1386 1387 1388 1390 1394 1395 1396 1397 1398 1399 1400 1402 1413 1415 1415 1416 1416 1417 2067 2070
549 550 1004 1004 1006 1007 1008 1010 1011 1012 1018 1020 1023 1024 1025 1074 1087 1088 1093 1095 1096
518 519 520 521 522 523 524 527 529 530 1026 1027 1027 1028 1028 1029 1034 1036 1068 1070 1071 1072
1004 1005 1006 1007 1008 1009 1087 1091 1092 1093 1094 1145 1146 1147 1148 1149 1150 1151 1480 1953
1009 1010 1011 1012 1013 1014 1015 1016 1017 1018 1020 1023 1024 1093 1094 1095 1096 1097 1101 1916
1014 1015 1016 1017 1368 1369 1370 1371 1372 1373 1374 1383 1384 1385 1386 1388 1390 1394 1399 1414
1036 1037 1038 1039 1040 1041 1044 1045 1046 1047 1048 1049 1050 1051 1052 1053 1055 1056 1057 1937
1037 1038 1039 1040 1041 1044 1045 1046 1047 1048 1049 1050 1051 1052 1053 1054 1056 1057 1930 1933
1037 1038 1039 1040 1041 1044 1045 1046 1047 1048 1049 1050 1051 1052 1053 1054 1056 1057 1058 1930
1082 1083 1084 1085 1086 1087 1130 1132 1133 1134 1135 1136 1137 1138 1139 1175 1176 1187 1189 1191
1083 1084 1085 1086 1087 1130 1131 1132 1133 1134 1135 1136 1137 1138 1175 1176 1185 1186 1187 1191
1138 1165 1166 1167 1174 1175 1176 1177 1178 1181 1182 1184 1193 1194 1206 1207 1214 1310 1311 2003
1165 1166 1167 1168 1169 1170 1173 1174 1207 1208 1211 1212 1213 1214 1280 1281 1282 1284 2155 2158
1165 1166 1167 1168 1169 1170 1173 1174 1208 1211 1212 1213 1214 1280 1281 1282 1284 1972 2155 2158
1165 1166 1167 1168 1169 1170 1173 1207 1208 1208 1208 1210 1211 1212 1284 1972 1974 1978 2155 2158
1165 1166 1167 1168 1169 1170 1173 1207 1208 1208 1208 1210 1211 1212 1284 1974 1978 1979 2155 2158
1169 1170 1173 1174 1175 1176 1177 1178 1179 1180 1181 1182 1184 1214 1219 1280 1283 1284 2155 2158
1169 1170 1173 1174 1175 1176 1177 1178 1179 1180 1181 1182 1184 1214 1220 1280 1283 1284 2155 2158
1174 1175 1176 1177 1178 1179 1180 1181 1182 1183 1184 1189 1190 1191 1192 1193 1212 1213 1214 1280
1194 1195 1196 1197 1198 1199 1200 1201 1205 1206 1207 1285 1305 1307 1311 1312 1313 1322 1324 2055
1205 1206 1285 1286 1292 1293 1294 1295 1296 1297 1299 1300 1301 1303 1304 1305 1307 1334 1996 1997
1205 1206 1285 1286 1292 1293 1294 1295 1296 1297 1299 1303 1304 1305 1307 1328 1329 1334 1996 1997
1369 1370 1371 1372 1373 1374 1381 1382 1383 1384 1385 1386 1387 1388 1389 1399 1400 1401 1402 1403
1383 1384 1385 1386 1387 1388 1390 1394 1396 1397 1398 1399 1400 1401 1402 1403 1405 1406 1407 1408
1385 1386 1387 1388 1390 1394 1395 1396 1397 1398 1399 1400 1402 1413 1414 1415 1415 1416 2066 2070
1410 1412 1413 1415 1416 1417 1418 1419 1420 1421 1422 1423 1427 1429 1430 1442 2067 2166 2191 2197
1410 1412 1413 1415 1416 1417 1418 1419 1420 1421 1422 1423 1427 1430 1431 1442 2067 2166 2191 2197
1410 1412 1413 1415 1416 1417 1418 1419 1420 1421 1422 1423 1427 1430 1433 1442 2067 2166 2191 2197
1410 1412 1413 1415 1416 1417 1418 1419 1420 1421 1422 1423 1427 1432 1433 1442 2067 2166 2191 2197
1410 1412 1413 1415 1416 1417 1418 1419 1420 1421 1422 1423 1430 1431 1434 1442 2067 2166 2191 2197
549 550 1002 1004 1004 1006 1007 1008 1010 1011 1012 1018 1020 1023 1024 1025 1074 1093 1095 1096
549 550 1004 1005 1006 1007 1008 1010 1011 1012 1018 1020 1023 1024 1025 1074 1093 1095 1096 1915
61 207 208 209 210 211 212 213 214 256 257 258 259 260 270 271 274 279 280 281 283 377 1725 1733
448 449 450 451 452 453 454 458 1011 1012 1013 1014 1018 1019 1020 1021 1022 1023 1098 1353 1556
520 521 522 523 1036 1037 1038 1039 1040 1041 1044 1045 1046 1047 1048 1049 1050 1060 1061 1930
518 519 520 521 522 523 524 527 529 530 1026 1027 1028 1028 1029 1030 1034 1068 1070 1071 1072
1009 1010 1011 1012 1017 1018 1020 1023 1024 1093 1094 1095 1096 1097 1101 1356 1356 1357 1916
1009 1010 1011 1012 1017 1018 1020 1023 1024 1093 1094 1095 1096 1097 1355 1356 1356 1357 1916
1009 1010 1011 1012 1017 1018 1020 1023 1024 1093 1094 1095 1096 1097 1356 1356 1357 1358 1916
1013 1014 1015 1016 1017 1368 1369 1370 1371 1372 1373 1374 1390 1394 1395 1396 1399 1478 2068
1018 1019 1020 1021 1022 1023 1024 1025 1077 1078 1096 1097 1097 1098 1099 1102 1117 1118 1119
1020 1021 1022 1023 1024 1025 1077 1078 1096 1097 1097 1098 1099 1102 1117 1118 1119 1157 1158
1078 1079 1080 1081 1082 1083 1119 1120 1120 1121 1124 1125 1126 1129 1130 1131 1159 1160 1161
1129 1130 1132 1133 1167 1168 1169 1170 1171 1174 1175 1176 1177 1178 1179 1180 1181 1182 1183
1133 1134 1135 1136 1174 1175 1176 1177 1178 1179 1180 1181 1182 1183 1184 1189 1213 1214 1230
1138 1140 1141 1142 1164 1165 1166 1167 1174 1175 1176 1177 1178 1181 1182 1184 1193 1202 1214
1164 1165 1195 1196 1197 1198 1200 1201 1202 1203 1205 1206 1285 1286 1292 1293 1294 1305 1307
1164 1165 1195 1196 1198 1199 1200 1201 1202 1203 1205 1206 1285 1286 1287 1288 1291 1305 1307
1166 1167 1168 1169 1170 1173 1208 1208 1209 1210 1211 1212 1280 1281 1284 1974 1978 2155 2158
1169 1170 1173 1174 1175 1176 1177 1178 1181 1182 1184 1214 1218 1219 1280 1283 1284 2155 2158
1174 1175 1176 1177 1178 1179 1180 1181 1182 1183 1184 1189 1190 1191 1192 1193 1213 1214 1279
1174 1175 1176 1177 1178 1179 1180 1181 1182 1183 1184 1189 1190 1191 1212 1213 1214 1278 1280
1174 1175 1176 1177 1178 1179 1180 1181 1182 1183 1184 1189 1191 1192 1193 1212 1213 1214 1983
1176 1177 1178 1179 1180 1181 1182 1183 1184 1219 1223 1224 1225 1227 1228 1229 1236 1237 1238
1176 1177 1178 1179 1180 1181 1182 1183 1184 1219 1223 1224 1225 1226 1227 1236 1237 1238 1239
1194 1195 1196 1197 1198 1199 1200 1201 1205 1206 1207 1305 1307 1311 1313 1314 1322 1323 1324
1194 1195 1196 1197 1198 1199 1200 1201 1205 1206 1207 1305 1307 1311 1313 1322 1324 2002 2003
1219 1223 1224 1225 1227 1228 1236 1237 1242 1243 1246 1247 1248 1249 1250 1254 1257 2156 2157
1285 1286 1292 1293 1294 1295 1296 1297 1299 1300 1301 1303 1304 1305 1307 1313 1314 1315 1324
1285 1286 1292 1293 1294 1295 1296 1297 1299 1300 1301 1303 1304 1305 1306 1307 1313 2050 2051
1304 1305 1307 1311 1313 1321 1322 1323 1324 1326 1326 2028 2029 2030 2031 2032 2033 2160 2188
1383 1384 1385 1386 1387 1388 1390 1394 1396 1397 1398 1399 1400 1401 1402 1405 1406 1407 1475
1402 1403 1404 1405 1406 1407 1408 1409 1410 1415 1416 1417 1418 1420 1421 1422 1423 1441 1446
1402 1403 1404 1405 1406 1407 1408 1409 1410 1415 1416 1417 1418 1420 1421 1422 1423 1446 2076
1402 1403 1404 1405 1406 1407 1408 1409 1410 1415 1416 1417 1418 1421 1422 1423 1441 1446 1447
1410 1411 1412 1412 1413 1415 1416 1417 1418 1419 1420 1421 1422 1423 1430 1431 1432 1433 2075
319 320 462 463 517 518 519 520 521 522 523 1028 1036 1037 1038 1039 1040 1041 1044 1045 1046
319 320 462 463 517 518 519 520 521 522 523 1028 1036 1037 1038 1039 1040 1041 1042 1043 1044
596 597 598 599 600 601 604 605 651 652 653 654 655 660 681 985 1819 1826 1838 2132 2136 2195
205 206 207 208 251 252 253 255 256 257 258 259 260 261 262 353 354 355 356 357 358 362 1573
219 220 221 222 223 224 225 245 246 323 324 324 325 326 328 331 332 333 335 336 337 528 1749
430 431 432 433 434 435 437 990 991 992 993 998 1490 1491 1493 1495 1496 1497 1498 1499 1532
549 550 1004 1006 1007 1008 1010 1011 1012 1018 1020 1023 1024 1025 1074 1094 1095 1096 1805
61 207 208 209 210 211 212 213 214 215 256 257 258 259 260 270 271 274 279 280 281 377 1725
148 149 150 151 162 174 176 177 178 179 180 181 184 185 186 188 189 190 2118 2120 2192 2193
446 549 550 1004 1006 1007 1008 1008 1009 1010 1076 1077 1078 1093 1096 1117 1118 1119 1916
596 597 598 599 600 601 604 605 651 652 653 654 655 979 980 981 982 983 1826 2132 2136 2195
61 205 206 207 208 209 210 211 212 213 214 252 257 258 259 260 270 271 274 355 356 363 377
447 448 449 450 451 452 453 454 458 1010 1011 1011 1012 1013 1014 1023 1024 1097 1098 1556
518 519 520 521 522 523 524 527 529 530 1026 1027 1028 1029 1034 1036 1068 1069 1070 1071
1004 1005 1006 1007 1008 1009 1087 1088 1089 1092 1093 1094 1145 1146 1147 1148 1480 1953
1009 1010 1011 1012 1018 1020 1023 1024 1093 1094 1095 1096 1097 1098 1099 1100 1101 1916
1083 1084 1085 1086 1087 1131 1132 1133 1134 1135 1136 1137 1138 1185 1186 1187 1191 1947
1085 1086 1087 1133 1134 1135 1135 1136 1137 1138 1184 1185 1187 1191 1192 1193 1214 1963
1130 1131 1132 1133 1134 1135 1136 1175 1176 1177 1178 1179 1180 1181 1182 1184 1189 1337
1133 1134 1135 1136 1174 1175 1176 1177 1178 1181 1182 1182 1183 1184 1189 1213 1214 1232
1133 1134 1135 1136 1174 1175 1176 1181 1182 1183 1184 1189 1213 1214 1228 1229 1231 1984
1141 1142 1164 1165 1194 1195 1196 1197 1198 1199 1200 1207 1286 1287 1288 1289 1290 1291
1166 1167 1168 1169 1170 1173 1208 1208 1209 1210 1211 1212 1280 1281 1284 1977 2155 2158
1167 1168 1169 1170 1173 1207 1208 1211 1212 1284 1973 1974 1975 1976 1977 1981 2155 2158
1176 1177 1178 1179 1180 1181 1182 1183 1184 1219 1223 1224 1225 1226 1227 1236 1237 2010
1189 1190 1191 1192 1193 1194 1207 1208 1211 1212 1214 1278 1280 1281 1282 1283 1284 1992
1198 1199 1200 1201 1205 1206 1285 1286 1296 1297 1299 1300 1301 1303 1304 1305 1307 1330
1201 1205 1206 1285 1286 1292 1293 1294 1295 1296 1297 1298 1299 1300 1305 1307 2021 2022
1215 1216 1217 1218 1219 1242 1242 1243 1244 1245 1246 1247 1248 1249 1250 1252 1254 1256
1217 1218 1219 1241 1242 1243 1246 1248 1249 1254 1255 1257 1258 1259 1262 1263 1277 2007
1217 1218 1219 1241 1242 1243 1246 1248 1249 1254 1255 1257 1258 1259 1260 1261 1277 2007
1217 1218 1219 1241 1242 1243 1246 1248 1249 1254 1255 1257 1258 1259 1261 1277 2007 2015
1219 1223 1224 1225 1227 1228 1236 1237 1242 1246 1247 1250 1251 1252 1255 1267 2156 2157
1247 1248 1249 1250 1251 1252 1254 1256 1257 1258 1262 1266 1267 1269 1270 1272 1273 1274
1247 1248 1249 1250 1251 1252 1254 1256 1257 1258 1262 1266 1267 1270 1271 1272 1273 1274
1248 1249 1250 1251 1252 1253 1254 1257 1258 1259 1260 1266 1267 1269 1270 1272 1273 1274
1248 1249 1250 1251 1252 1253 1254 1257 1258 1258 1259 1261 1266 1267 1269 1270 1275 1276
1326 2028 2029 2030 2031 2032 2034 2035 2036 2039 2040 2041 2042 2043 2044 2045 2046 2047
1374 1375 1381 1382 1383 1384 1385 1386 1388 1390 1394 1399 1400 1401 1402 1413 1415 2064
1406 1407 1408 1409 1410 1417 1418 1418 1418 1419 1420 1421 1422 1423 1435 1441 1445 1446
1407 1408 1409 1410 1412 1418 1419 1420 1421 1422 1423 1427 1434 1435 1443 1444 1445 1446
1410 1413 1415 1416 1417 1418 1419 1420 1421 1422 1423 1426 1427 1442 2067 2166 2191 2197
1418 1419 1420 1421 1422 1423 1424 1425 1426 1427 1443 1444 1445 1446 1455 1456 1457 1458
1419 1420 1421 1422 1423 1424 1425 1426 1427 1443 1444 1445 1446 1455 1456 1457 1458 2080
1491 1492 1493 1494 1495 1496 1497 1497 1498 1499 1501 1505 1506 1507 1508 1515 1516 1517
1491 1492 1493 1494 1495 1496 1497 1497 1498 1499 1501 1505 1506 1507 1508 1515 1516 1518
24 25 26 39 40 41 72 73 225 245 246 340 541 1548 1631 1632 1633 1664 1665 2175 2179 2198
24 25 26 39 40 41 72 73 225 245 246 340 541 1548 1633 1634 1635 1664 1665 2175 2179 2198
219 220 221 222 223 224 225 245 246 323 325 326 327 328 331 332 333 335 336 337 528 1749
300 301 302 303 304 305 306 307 309 310 311 312 313 448 449 450 453 454 455 458 459 1785
529 530 531 532 533 534 535 536 537 548 549 1025 1026 1068 1069 1071 1072 1073 1074 1941
60 61 62 63 208 209 210 211 212 214 215 216 259 260 261 262 270 271 272 273 274 376 377
148 149 150 151 162 174 175 176 177 178 179 180 181 184 185 186 188 2118 2120 2192 2193
375 376 379 380 573 574 575 576 579 580 582 739 748 749 750 751 752 1809 1858 2126 2184
582 583 584 585 586 591 592 595 596 702 703 704 760 761 773 774 962 963 966 967 968 975
582 583 584 585 586 591 592 595 596 702 703 704 761 762 773 774 962 963 966 967 968 975
582 583 584 585 586 591 592 595 596 702 703 704 760 761 773 774 775 776 966 967 968 975
585 586 591 592 596 681 696 698 699 700 701 702 703 704 967 968 969 1818 1819 2130 2131
801 802 804 805 806 807 855 856 857 864 865 866 867 868 869 872 879 1882 1883 2141 2147
300 301 302 303 304 305 306 307 309 310 311 449 450 451 454 455 457 458 1012 1013 1014
585 586 591 592 596 681 696 698 699 700 701 702 703 704 967 968 969 970 1818 2130 2131
301 302 303 304 305 306 307 310 311 312 313 450 451 452 453 454 455 458 459 1556 1558
311 312 313 448 449 458 458 459 461 1010 1011 1012 1024 1025 1026 1027 1096 1097 1786
442 443 444 445 446 549 550 551 552 1002 1004 1006 1078 1079 1080 1081 1082 1481 1482
442 443 444 445 446 549 550 551 552 1002 1004 1006 1078 1079 1080 1081 1082 1482 1483
519 520 521 522 523 524 527 529 530 1026 1027 1028 1029 1034 1035 1068 1069 1070 1071
519 520 521 522 523 524 527 529 530 1026 1027 1028 1029 1031 1034 1068 1069 1070 1071
519 520 521 522 523 524 527 529 530 1026 1027 1028 1033 1034 1068 1069 1070 1071 1928
520 521 522 523 1036 1037 1038 1039 1040 1041 1044 1045 1046 1047 1049 1050 1060 1931
217 218 219 220 221 222 223 224 225 245 246 320 323 331 332 333 335 336 337 528 1748
316 317 318 462 463 465 466 467 469 470 471 472 473 474 494 495 496 497 498 518 1029
318 319 320 321 322 323 331 332 333 462 518 523 524 527 528 1027 1028 1029 1030 1036
403 405 406 407 596 597 598 599 600 604 605 615 651 654 655 1772 1826 2132 2136 2195
1004 1005 1006 1007 1008 1009 1087 1088 1089 1090 1091 1092 1093 1094 1151 1480 1953
1011 1012 1013 1014 1015 1016 1017 1018 1019 1020 1021 1023 1098 1099 1100 1101 1351
1012 1013 1014 1015 1016 1017 1018 1019 1020 1021 1023 1098 1099 1100 1101 1351 1352
1012 1013 1014 1015 1016 1017 1018 1019 1020 1021 1023 1099 1100 1101 1351 1352 1921
1020 1021 1022 1023 1024 1025 1077 1078 1096 1097 1097 1098 1099 1104 1117 1118 1119
1020 1021 1022 1023 1024 1025 1077 1078 1096 1097 1098 1099 1117 1119 1120 1158 1960
1023 1024 1025 1076 1077 1078 1096 1097 1102 1103 1104 1106 1107 1108 1117 1118 1119
1023 1024 1025 1076 1077 1078 1096 1097 1102 1104 1105 1106 1107 1108 1117 1118 1119
1023 1024 1025 1076 1077 1078 1096 1097 1102 1104 1106 1107 1108 1117 1118 1119 1920
1024 1025 1076 1077 1078 1096 1097 1102 1104 1105 1106 1107 1108 1117 1118 1119 1958
1045 1046 1047 1048 1049 1050 1051 1052 1057 1058 1059 1060 1061 1062 1063 1939 1940
1077 1092 1092 1093 1095 1096 1117 1118 1155 1156 1157 1158 1339 1340 1344 1349 1955
1078 1079 1080 1081 1082 1083 1119 1120 1121 1122 1123 1124 1125 1126 1129 1130 1131
1078 1079 1080 1081 1082 1083 1119 1120 1124 1125 1126 1129 1130 1131 1159 1161 1346
1083 1084 1085 1086 1087 1131 1132 1133 1134 1135 1136 1137 1138 1191 1944 1945 1946
1130 1131 1132 1133 1134 1135 1136 1175 1176 1177 1178 1180 1181 1182 1184 1189 1336
1134 1135 1136 1137 1138 1184 1185 1186 1187 1188 1189 1190 1191 1192 1193 1214 1279
1135 1136 1137 1138 1184 1184 1185 1189 1190 1191 1192 1193 1214 1278 1964 1965 1990
1142 1143 1144 1145 1146 1147 1154 1155 1156 1161 1162 1163 1164 1339 1341 1344 1347
1142 1143 1144 1145 1146 1147 1154 1155 1156 1162 1163 1164 1339 1341 1344 1347 1348
1142 1143 1144 1145 1146 1147 1154 1155 1156 1162 1163 1164 1339 1341 1344 1347 1970
1142 1143 1144 1145 1146 1147 1154 1155 1156 1161 1162 1163 1164 1339 1341 1344 1969
1142 1143 1144 1145 1146 1147 1154 1155 1156 1162 1163 1164 1339 1341 1344 1345 1346
1175 1176 1177 1178 1179 1180 1181 1182 1183 1184 1219 1220 1221 1222 1223 1224 1225
1175 1176 1177 1178 1179 1180 1181 1182 1183 1184 1219 1220 1221 1223 1224 1225 1240
1193 1194 1195 1196 1197 1198 1207 1211 1212 1213 1214 1279 1285 1286 1287 1288 1993
1201 1205 1206 1285 1286 1292 1293 1294 1295 1296 1297 1299 1300 1301 1302 1305 1307
1205 1206 1285 1286 1292 1293 1294 1295 1296 1297 1299 1301 1305 1307 1328 1329 1333
1205 1206 1285 1286 1292 1293 1294 1295 1296 1297 1299 1301 1305 1307 1329 1331 1332
1248 1249 1250 1251 1252 1253 1254 1257 1258 1259 1266 1267 1269 1270 1272 1274 2019
1305 1307 1308 1309 1310 1311 1313 1314 1315 1316 1317 1319 1320 1321 1322 1323 1324
1305 1307 1308 1309 1310 1311 1313 1314 1315 1316 1317 1321 1322 1323 1323 1324 2056
1307 1308 1309 1311 1312 1313 1314 1315 1317 1319 1321 1322 1323 1324 1325 2055 2056
1308 1309 1310 1311 1313 1314 1315 1316 1317 1318 1319 1320 1321 1322 1323 1324 1325
1374 1375 1381 1382 1383 1384 1385 1386 1388 1390 1394 1399 1400 1401 1402 2063 2064
1384 1385 1386 1387 1388 1390 1394 1399 1400 1402 1403 1405 1406 1407 1409 1411 2065
1385 1386 1387 1388 1390 1394 1395 1396 1397 1398 1399 1400 1413 1414 2067 2161 2162
1400 1401 1402 1413 1415 1416 1417 1434 1435 1436 1440 1441 1442 2067 2166 2191 2197
1409 1410 1412 1418 1419 1420 1422 1423 1424 1425 1426 1427 1434 1435 1446 1447 1448
1413 1415 1416 1417 1418 1427 1434 1435 1436 1437 1439 1441 1442 2067 2166 2191 2197
1420 1421 1422 1423 1424 1425 1426 1427 1443 1444 1445 1446 1455 1456 1457 1458 2078
1421 1422 1423 1424 1425 1426 1427 1443 1444 1445 1446 1447 2081 2082 2083 2084 2085
1490 1491 1492 1493 1494 1495 1496 1496 1497 1501 1508 1515 1516 1518 1519 1520 1521
1490 1491 1492 1493 1494 1495 1496 1496 1497 1501 1509 1515 1516 1518 1519 1520 1521
1490 1491 1492 1493 1494 1495 1496 1496 1497 1501 1510 1515 1516 1518 1519 1520 1521
1491 1492 1493 1494 1495 1496 1497 1498 1499 1501 1505 1506 1507 1508 1514 1515 1516
1497 1501 1502 1503 1504 1505 1506 1512 1513 1514 1515 1516 1517 1518 1519 1520 1521
1497 1501 1502 1503 1504 1505 1506 1512 1513 1514 1515 1516 1517 1518 1519 1520 2099
60 61 62 63 207 208 209 210 211 212 214 215 216 259 260 261 267 268 270 271 272 273
148 149 150 151 162 174 176 177 178 179 180 181 182 184 185 190 2118 2120 2192 2193
206 207 208 251 252 253 254 256 257 258 259 260 261 262 353 354 355 356 357 358 362
214 215 216 300 301 302 303 304 305 306 309 310 311 312 313 314 315 316 317 451 455
217 218 219 220 221 222 223 224 225 245 246 320 323 331 332 333 335 336 337 526 528
340 341 342 343 344 345 346 347 348 351 352 353 541 546 547 548 1546 1547 1549 1802
428 429 430 431 432 433 434 435 436 437 990 992 993 994 995 996 1488 1489 1490 1781
458 1011 1012 1013 1014 1015 1016 1017 1018 1020 1023 1098 1368 1369 1370 1389 1479
596 597 598 599 600 601 604 605 651 652 653 654 655 660 977 985 1826 2132 2136 2195
597 598 599 600 601 604 605 606 607 608 609 610 623 624 626 627 628 645 646 646 647
773 774 775 776 777 779 780 781 782 783 784 785 786 787 797 798 799 800 801 802 815
779 780 781 782 783 784 786 787 797 801 802 803 806 807 808 809 814 851 855 879 880
61 205 206 207 208 209 210 211 212 213 214 252 270 271 299 353 354 355 356 428 554
301 302 303 304 305 306 307 310 311 312 313 450 451 454 455 458 459 1556 1557 1558
340 341 342 343 344 345 346 347 348 351 352 353 541 544 546 547 548 1547 1548 1549
373 375 376 380 573 574 575 576 579 739 740 744 745 748 749 750 751 1858 2126 2184
437 552 553 990 991 992 993 993 994 995 996 997 1484 1485 1488 1489 1490 1532 1533
462 518 519 520 521 523 524 1026 1027 1028 1029 1029 1030 1031 1032 1033 1034 1928
209 210 211 212 214 268 269 270 270 271 272 273 274 279 280 281 282 283 1731 1733
313 314 315 316 317 318 458 459 462 463 490 491 492 493 494 495 501 502 1027 1028
313 314 315 316 317 318 459 460 462 463 490 491 492 493 494 495 501 502 1027 1028
316 317 318 462 463 465 466 467 469 470 471 472 473 474 494 495 517 518 1029 1788
353 354 428 536 537 548 549 550 551 552 552 553 554 555 556 557 989 990 1004 1481
585 586 591 592 595 596 596 681 696 698 699 700 701 702 703 704 968 976 2130 2131
704 705 711 712 713 714 760 761 762 763 773 775 776 777 778 883 884 956 1864 1885
145 146 147 148 149 150 151 162 174 175 176 177 189 190 1698 2118 2120 2192 2193
214 215 216 300 305 306 307 308 309 310 311 312 313 314 315 316 317 451 452 1740
351 352 353 536 537 539 540 541 543 544 546 547 547 548 1545 1547 1548 1549 1804
373 375 376 380 573 574 575 576 579 739 748 749 750 751 1809 1810 1858 2126 2184
400 401 402 403 404 405 406 592 596 597 601 605 653 654 1817 1821 2132 2136 2195
400 401 402 403 404 405 406 595 596 597 601 605 653 654 1821 1822 2132 2136 2195
437 552 553 990 991 992 993 993 998 1484 1485 1488 1489 1490 1532 1533 1533 2171
438 439 440 441 442 443 552 553 990 991 992 993 998 999 1000 1001 1002 1003 1483
447 448 449 450 451 452 453 454 458 1010 1011 1011 1012 1013 1014 1096 1556 1784
773 774 775 776 777 779 780 781 782 783 784 785 786 787 797 797 815 816 816 2142
60 61 62 63 208 209 210 211 212 214 215 216 261 262 263 267 268 270 271 272 273
61 207 208 209 210 211 212 213 214 256 270 271 299 353 354 355 362 428 554 1568
104 105 106 107 108 109 110 111 115 116 117 118 119 134 135 151 152 153 200 201
118 119 135 136 137 141 151 152 153 162 163 164 165 177 178 2118 2120 2192 2193
137 141 142 143 144 145 146 147 148 149 150 151 162 177 178 2118 2120 2192 2193
205 206 207 208 250 251 252 253 255 256 257 258 259 260 261 262 356 357 358 362
205 206 207 208 252 253 255 256 257 258 259 260 261 262 356 357 358 359 361 362
205 206 207 208 252 253 255 256 257 258 259 260 261 262 356 357 358 359 360 362
259 260 261 262 263 264 265 266 267 268 269 270 271 272 273 274 376 380 381 382
259 260 261 262 263 264 265 266 267 268 269 270 271 272 273 274 376 381 382 589
288 289 290 291 292 298 385 386 387 388 389 390 391 392 399 1596 1597 1598 1599
370 371 372 573 574 575 576 577 739 740 1811 1855 1856 1857 1858 2181 2183 2199
383 384 385 398 399 400 583 584 585 586 587 588 591 592 595 596 704 763 967 968
403 405 406 407 596 597 598 599 600 605 614 615 651 654 655 1772 2132 2136 2195
438 439 440 441 442 443 444 445 550 552 1000 1001 1001 1002 1003 1004 1483 1539
710 711 773 774 775 776 777 779 782 783 784 786 787 788 790 791 792 795 796 797
760 761 773 774 775 776 777 779 780 781 882 883 884 956 964 1865 1885 2140 2185
773 774 775 776 777 779 780 781 782 783 784 785 786 787 797 797 815 816 816 817
1044 1045 1046 1047 1048 1049 1050 1051 1052 1053 1055 1056 1934 1935 1936 1938
1045 1046 1047 1048 1049 1050 1051 1052 1057 1058 1059 1060 1063 1064 1065 1066
1045 1046 1047 1048 1049 1050 1051 1052 1057 1058 1059 1060 1063 1065 1066 1067
1077 1078 1092 1093 1095 1096 1117 1118 1119 1120 1121 1157 1158 1349 1954 1960
1087 1088 1089 1090 1091 1092 1142 1144 1145 1146 1147 1148 1163 1164 1164 1338
1088 1089 1090 1091 1092 1145 1145 1146 1147 1148 1149 1150 1341 1950 1951 1952
1091 1092 1147 1148 1149 1150 1151 1152 1153 1154 1155 1340 1341 1342 1343 1968
1181 1182 1183 1184 1225 1226 1227 1228 1231 1232 1233 1235 1236 1237 1984 2010
1195 1196 1197 1198 1199 1200 1201 1205 1206 1285 1286 1293 1295 1305 1307 1335
1206 1207 1285 1305 1307 1308 1308 1309 1310 1311 1315 1316 1317 1319 1321 2052
1216 1217 1218 1219 1242 1243 1244 1245 1246 1247 1248 1249 1250 1254 1255 2005
1242 1243 1246 1247 1248 1249 1250 1251 1252 1253 1254 1257 1266 1267 1268 1269
1242 1243 1246 1247 1248 1249 1250 1251 1252 1253 1254 1254 1255 1267 1268 2014
1252 1253 1254 1257 1258 1262 1266 1267 1268 1269 1270 1272 1273 1274 2013 2015
1295 1296 1297 1299 1300 1301 1303 1304 1327 1328 1329 1330 1331 1333 1334 2058
1295 1296 1297 1299 1300 1301 1303 1304 1327 1328 1329 1330 1334 2048 2049 2058
1309 1310 1311 1313 1314 1315 1316 1317 1319 1320 1321 1322 1323 1324 1325 2057
1375 1376 1380 1381 1382 1383 1384 1385 1386 1388 1390 1394 1399 1400 1402 2064
1388 1390 1394 1395 1396 1397 1398 1399 1400 1402 1402 1413 1414 1415 1476 2070
1402 1403 1404 1405 1406 1407 1408 1409 1410 1412 1415 1422 1423 1426 1427 1438
1402 1403 1404 1405 1406 1407 1408 1409 1410 1412 1413 1415 1427 1428 1429 2075
1421 1422 1423 1424 1425 1426 1427 1443 1444 1445 1446 1447 1448 1451 1452 1454
1421 1422 1423 1424 1425 1426 1427 1443 1444 1445 1446 1447 1448 1450 1451 1452
1421 1422 1423 1424 1425 1426 1427 1443 1444 1445 1446 1447 1448 1452 1453 1454
1422 1423 1424 1425 1426 1427 1443 1444 1445 1446 1448 1448 1449 1451 1452 1454
1424 1425 1426 1459 1460 1461 1462 1463 1464 1465 1466 1467 1468 1469 1472 2088
1490 1491 1492 1493 1494 1495 1496 1496 1497 1501 1509 1511 1515 1516 1518 1519
1493 1494 1495 1496 1497 1498 1499 1500 1501 1505 1506 1507 1508 1514 1515 1516
1494 1495 1496 1497 1501 1502 1503 1504 1505 1506 1507 1508 1512 1513 1514 2097
1577 1578 1579 1580 1581 1583 1584 1585 1586 1589 1590 1591 1593 1594 2100 2109
59 60 61 62 63 206 207 208 209 210 211 212 214 215 216 259 260 261 262 270 271
797 798 799 800 801 802 804 805 806 855 856 857 862 864 869 879 1882 2141 2147
292 293 294 295 296 297 298 1595 1596 1597 1598 1599 1600 1604 1605 1606 1607
292 293 294 295 296 297 298 1595 1596 1597 1598 1599 1600 1604 1606 1607 1608
303 304 1577 1578 1579 1581 1582 1583 1586 1588 1589 1590 1591 1592 1593 1594
428 429 430 431 432 433 434 435 436 437 990 991 992 993 994 995 996 1529 1781
428 429 430 431 432 433 434 435 436 437 990 991 992 993 994 995 996 1531 1781
443 444 445 550 550 551 552 1002 1003 1004 1004 1004 1005 1081 1082 1481 1783
449 450 451 452 453 454 458 1012 1013 1014 1017 1018 1353 1362 1368 1369 1556
459 461 462 518 519 520 521 522 523 524 527 529 1026 1027 1028 1029 1068 1925
536 537 539 540 541 543 544 545 546 547 548 549 1074 1075 1546 1547 1548 1549
788 789 790 791 792 821 822 823 824 825 826 829 830 831 832 833 834 1878 1880
59 60 61 62 63 77 78 205 206 207 208 209 210 211 212 214 215 216 270 271 272
104 105 106 107 108 109 110 111 115 116 117 118 119 134 135 151 200 201 1682
291 292 293 294 295 296 297 298 1596 1597 1598 1599 1600 1601 1604 1605 1606
296 297 298 1595 1596 1597 1598 1599 1600 1601 1602 1604 1605 1606 1607 1608
351 352 353 536 537 539 540 541 543 544 547 547 548 1546 1547 1548 1751 1804
423 424 583 584 586 591 592 595 596 681 694 700 701 702 703 704 763 975 1779
575 576 577 579 582 744 745 746 747 748 750 751 912 913 939 939 948 949 1889
606 607 608 609 610 611 612 613 614 621 622 623 626 627 628 645 646 650 1829
709 710 787 788 788 789 790 791 792 815 816 817 818 819 821 825 826 840 1869
710 711 712 713 773 774 775 777 779 782 783 784 786 787 788 790 791 792 1850
733 734 735 736 737 738 739 741 742 743 744 893 895 896 897 898 899 900 1855
792 793 794 795 796 797 815 816 817 821 821 822 823 824 825 830 837 838 1878
42 43 44 45 46 47 48 1617 1618 1621 1622 1623 1624 1625 1626 1628 1666 2111
42 43 44 45 46 47 48 1617 1618 1621 1622 1623 1624 1625 1626 1628 1666 2112
102 103 104 119 134 135 135 136 137 141 143 144 145 147 148 149 150 151 151
104 105 106 107 108 109 110 111 115 116 117 118 119 151 152 153 158 200 201
259 260 261 262 263 264 265 266 267 268 269 270 271 272 273 274 376 377 378
314 315 316 317 318 463 465 466 467 469 470 480 481 490 491 492 493 494 495
315 316 317 318 463 465 466 467 473 474 480 488 489 490 491 492 493 494 495
369 370 371 372 559 560 561 562 563 564 565 571 572 573 574 575 576 577 740
423 424 424 586 591 592 595 596 681 694 696 698 699 700 701 704 764 765 769
575 576 577 579 582 744 745 745 745 745 746 747 748 750 751 752 911 913 913
597 598 599 600 601 604 605 606 607 608 609 610 623 624 626 627 628 646 648
599 600 601 604 605 606 607 608 609 610 614 615 616 619 620 623 628 645 646
754 755 756 757 758 759 760 761 773 882 883 884 916 922 923 924 925 926 933
754 755 756 757 758 759 760 761 773 882 883 884 916 922 922 923 926 930 933
760 761 773 774 775 776 777 779 780 781 882 883 884 964 1861 1865 2140 2185
760 761 773 774 775 776 777 779 780 781 882 883 884 964 1865 1866 2140 2185
773 774 775 776 777 779 780 781 782 783 784 785 786 787 797 809 814 815 844
784 786 787 795 797 798 799 800 801 806 807 808 809 810 811 812 816 817 838
992 993 998 999 1000 1001 1002 1004 1481 1482 1483 1484 1488 1489 1490 1534
992 993 998 999 1000 1001 1002 1004 1481 1482 1483 1484 1489 1490 1534 1535
58 59 80 96 97 98 99 134 135 136 137 138 141 142 143 144 145 174 1680 1681
257 258 259 364 365 366 367 368 369 370 371 372 373 374 579 1561 1562 1726
609 610 611 612 613 614 621 622 623 626 627 628 645 646 650 1829 1830 1831
1018 1019 1020 1021 1022 1023 1024 1025 1097 1098 1099 1110 1111 1113 1114
1252 1253 1254 1257 1258 1262 1266 1267 1269 1270 1272 1273 1274 2013 2017
1374 1375 1381 1382 1383 1384 1385 1386 1388 1390 1394 1399 2060 2061 2062
1423 1424 1425 1426 1459 1460 1461 1462 1463 1465 1466 1467 1471 1472 2088
1502 1503 1504 1505 1506 1507 1508 1509 1510 1511 1512 1513 1514 2168 2169
1577 1578 1579 1580 1581 1585 1586 1587 1588 1590 1591 1593 1594 2100 2109
1577 1578 1579 1580 1581 1582 1583 1584 1585 1589 1590 1594 2100 2176 2178
1577 1578 1579 1580 1581 1582 1588 1589 1590 1591 1594 2100 2108 2176 2178
1580 1581 1582 1583 1584 1585 1590 1591 1593 1594 2100 2105 2106 2176 2178
81 82 104 105 106 107 108 109 110 111 112 113 114 115 116 117 118 200 201
81 82 104 105 106 107 108 109 110 111 112 113 115 116 117 118 198 200 201
215 216 217 313 314 315 316 317 318 463 465 466 472 473 475 476 1793 1794
317 318 463 490 491 492 493 494 495 512 513 514 515 516 517 518 1553 1797
331 332 333 524 525 526 527 528 529 530 531 1025 1026 1068 1069 1070 1071
333 334 335 336 337 338 339 340 524 527 528 529 530 536 537 538 1068 1071
428 429 430 431 432 433 434 435 436 437 553 554 990 991 992 993 1781 1806
536 537 539 540 541 543 544 545 547 548 549 1074 1075 1546 1547 1549 1803
733 734 735 736 737 738 739 741 742 744 745 898 899 900 901 903 1855 1859
747 748 751 752 753 754 755 756 915 916 922 923 924 930 932 933 1894 1895
35 36 37 38 39 48 71 72 73 74 75 76 77 231 232 233 234 235 236 1610 1715
63 64 65 66 67 68 69 70 71 72 73 218 219 222 223 224 225 323 324 325 328
207 208 252 253 255 256 257 258 259 260 261 262 357 358 359 360 362 1724
214 215 216 302 304 305 306 309 310 311 312 313 314 315 316 317 455 1576
258 259 369 370 371 372 373 374 375 376 573 574 575 576 577 579 740 1764
401 596 597 599 599 600 600 601 604 604 605 615 616 617 618 619 620 1825
435 436 437 990 991 992 993 1490 1491 1492 1493 1494 1495 1497 1501 2092
586 591 592 595 596 681 696 698 699 700 701 702 703 704 764 765 769 1813
586 591 592 595 596 681 696 698 699 700 701 702 703 704 764 765 769 1814
586 591 592 595 596 681 696 698 699 700 701 702 703 704 766 768 769 1863
592 595 596 681 696 697 698 699 700 701 702 966 967 968 971 974 975 1818
704 705 711 712 713 714 761 762 763 773 775 776 777 778 882 883 959 1864
704 705 711 712 713 714 761 762 763 773 775 776 777 778 882 883 961 1864
704 705 711 712 713 714 761 762 763 773 775 776 777 778 883 956 957 1864
779 780 781 782 783 784 786 787 801 802 803 804 806 807 808 809 814 1873
248 249 250 251 252 345 346 347 348 348 351 352 353 354 355 356 547 548
250 251 252 348 349 350 351 352 353 354 355 356 536 547 548 549 550 551
314 315 316 317 318 463 465 466 467 468 469 476 490 491 492 493 494 495
315 316 317 318 463 465 466 467 473 474 479 480 490 491 492 493 494 495
315 316 317 318 463 471 473 474 480 483 488 489 490 491 492 493 494 495
368 369 370 559 560 561 563 564 570 571 572 573 733 734 735 736 737 738
369 370 371 372 559 560 565 566 567 568 571 572 573 574 575 576 577 740
369 370 371 372 559 560 566 567 568 569 571 572 573 574 575 576 577 740
375 376 379 380 573 574 575 576 577 579 580 581 739 1809 1858 2126 2184
383 384 385 398 399 400 583 584 585 586 587 588 590 591 592 704 763 987
400 401 402 403 404 405 406 597 598 599 605 653 654 1771 2132 2136 2195
411 412 413 414 415 661 662 663 664 665 666 667 669 670 671 672 673 674
426 427 706 707 708 709 709 710 787 788 789 790 791 792 792 821 827 828
552 553 990 991 992 993 998 999 1000 1001 1483 1484 1485 1486 1487 1539
586 591 592 595 596 681 696 698 699 700 701 702 703 704 766 767 768 769
709 710 787 788 789 790 791 792 797 815 816 817 818 819 821 825 826 841
714 715 728 729 730 731 732 733 889 890 891 892 893 895 896 897 947 948
747 748 751 752 753 754 755 756 916 917 918 919 920 921 922 923 924 933
884 885 886 887 888 915 916 922 923 924 925 926 927 928 929 933 936 937
42 43 44 45 46 47 48 1617 1618 1621 1622 1623 1624 1626 1627 1628 1666
58 59 80 96 97 98 99 100 101 102 134 134 135 136 137 138 139 1680 1681
72 73 225 226 227 228 229 230 231 232 233 234 235 236 237 240 241 1715
317 318 463 490 491 492 493 494 495 512 513 514 515 516 1550 1553 1798
320 321 322 323 331 332 333 521 522 523 524 525 527 528 1036 1047 1799
341 342 343 344 345 346 347 348 541 542 543 544 545 546 1547 1549 1801
613 614 621 622 623 624 626 627 628 645 646 648 649 650 1833 1834 1835
761 773 774 775 776 777 779 781 882 883 959 960 961 964 1865 2140 2185
797 798 799 800 801 802 804 805 806 807 808 809 851 879 1876 2141 2147
72 73 225 226 227 228 229 230 231 232 232 233 235 236 237 238 240 241
592 595 596 681 696 697 698 699 700 701 702 703 966 967 975 1818 1846
705 706 773 774 775 776 777 778 779 780 781 782 801 802 804 1848 1849
756 757 758 759 884 915 916 922 923 924 926 927 928 930 933 1892 1893
787 788 789 790 791 792 793 794 795 796 797 816 819 820 821 2142 2143
797 798 799 800 801 802 804 805 806 807 808 809 845 851 879 2141 2147
806 807 855 856 857 858 859 860 861 862 863 864 868 869 872 1882 1883
1008 1009 1090 1091 1092 1093 1094 1095 1096 1150 1151 1349 2150 2154
1018 1019 1020 1021 1022 1023 1024 1025 1097 1098 1099 1110 1111 1115
1091 1092 1146 1147 1148 1148 1149 1150 1151 1152 1153 1341 1343 2153
1181 1182 1183 1184 1225 1226 1227 1228 1231 1236 1237 1984 2010 2011
1250 1251 1252 1253 1254 1257 1258 1262 1263 1265 1267 1271 1272 2018
40 42 43 44 45 46 47 48 1617 1618 1619 1620 1621 1624 1628 1629 1666
64 65 66 67 68 69 70 71 72 73 225 226 232 233 234 235 1711 1715 1716
69 70 71 72 225 226 227 229 230 231 232 236 237 238 239 240 241 1671
73 225 226 227 228 229 230 231 232 233 234 235 236 243 244 1715 1716
135 136 137 141 142 143 144 145 146 147 148 149 150 151 151 172 1682
206 207 208 252 253 254 256 257 258 259 260 261 262 356 357 362 1722
208 209 210 211 261 262 265 266 267 268 269 270 271 272 273 274 1704
216 217 313 314 317 318 319 320 463 463 464 518 519 520 521 522 1041
256 257 354 355 356 357 362 363 364 365 366 367 368 369 370 371 1727
288 289 290 291 292 293 298 385 386 387 388 389 390 391 392 396 1601
405 406 407 408 409 410 596 651 652 653 656 657 658 660 977 986 1773
576 577 579 582 745 747 748 750 751 752 753 754 913 914 915 916 1890
586 591 592 595 596 681 696 698 699 700 701 702 703 704 764 769 1815
733 734 735 736 737 738 739 741 742 743 744 745 898 909 910 911 1855
798 799 800 801 806 856 857 858 859 860 861 862 863 873 874 876 1884
806 807 855 856 857 858 859 860 861 862 863 864 869 870 871 872 1882
104 105 106 107 108 109 110 111 115 116 117 118 119 153 154 200 201
107 108 109 110 111 115 116 117 118 191 192 193 194 195 196 200 201
134 135 136 137 141 142 143 144 145 148 149 151 162 163 172 173 174
136 137 141 142 143 144 145 146 147 148 149 163 164 167 168 170 171
136 137 141 142 143 144 145 146 147 148 149 163 164 168 169 170 171
141 142 143 144 145 174 175 176 177 178 179 181 182 183 184 189 190
287 288 289 290 291 292 293 294 295 296 297 298 385 385 386 396 399
315 316 317 318 463 471 472 473 474 482 483 490 491 492 493 494 495
315 316 317 318 463 472 473 474 487 488 489 490 491 492 493 494 495
407 408 409 410 411 412 413 414 415 651 652 655 656 657 658 659 660
411 412 413 414 415 661 662 663 664 665 666 667 668 669 670 671 674
427 428 706 708 709 710 711 773 777 793 794 795 795 795 796 797 835
466 467 468 469 470 471 472 473 477 478 479 480 483 486 487 488 489
576 577 579 582 745 747 748 750 751 752 753 754 913 914 915 916 953
714 715 728 729 730 731 732 733 889 890 891 892 892 893 895 897 942
731 732 733 742 743 744 745 893 894 895 896 897 900 909 910 911 912
798 799 800 801 806 856 857 858 859 860 861 862 863 873 874 875 876
888 889 891 892 893 898 909 910 911 912 939 943 944 945 946 947 948
990 991 1491 1492 1493 1494 1495 1496 1497 1505 1506 1507 1508 1902
10 12 13 14 15 16 17 18 19 22 23 39 40 41 1636 1637 1639 1664 1665
82 83 84 85 87 88 111 115 116 117 118 119 120 121 122 200 201 1685
607 608 609 610 611 612 613 614 621 622 623 646 648 1829 2133 2134
89 90 91 92 119 120 123 124 125 126 127 128 129 130 132 1677 1688
107 108 109 110 111 115 116 117 118 191 192 197 200 201 1700 1701
406 407 408 409 410 596 651 652 653 656 657 658 660 977 1773 1774
584 585 586 591 592 704 763 764 765 766 768 769 772 987 2130 2131
788 789 790 791 792 821 822 823 824 825 826 832 833 834 1878 1879
790 791 792 821 822 823 824 825 826 829 830 832 833 834 1878 1881
797 798 799 800 801 802 804 805 806 807 855 879 880 881 2141 2147
23 24 25 26 27 28 29 30 31 32 33 39 72 73 225 232 1714 2115 2180
57 58 59 80 94 95 96 96 97 98 99 134 135 135 136 137 138 139 151
64 65 66 67 68 69 70 71 72 73 225 232 233 234 235 1708 1715 1716
215 216 217 313 314 315 316 317 318 463 465 466 474 475 476 1743
215 216 217 313 314 315 316 317 318 463 465 466 474 475 476 1745
223 224 225 245 323 324 325 327 328 329 331 332 333 335 336 1707
252 253 255 256 257 354 355 356 357 358 359 361 362 363 364 1723
257 258 259 363 363 364 367 368 369 370 371 372 373 374 579 1754
287 288 289 290 291 292 293 294 295 296 298 385 386 395 396 1601
382 383 384 385 398 399 400 586 587 587 588 590 591 592 594 1766
410 411 412 413 414 415 661 662 663 664 665 668 669 670 674 1840
411 412 413 414 415 661 662 663 664 665 666 667 669 672 674 1841
465 466 467 468 469 470 471 473 474 475 476 478 479 480 481 1795
583 586 591 704 762 763 763 764 765 766 767 768 769 770 772 1812
586 591 592 595 596 681 696 698 699 700 701 702 703 704 763 1816
786 787 788 789 790 791 792 793 794 795 796 797 809 815 844 1868
891 892 893 898 909 910 911 912 939 939 940 941 947 948 951 1897
1018 1019 1020 1021 1022 1023 1024 1025 1097 1098 1099 1109 1110
1207 1208 1211 1212 1213 1214 1280 1281 1282 1283 1284 2001 2004
1251 1252 1253 1254 1257 1262 1263 1265 1266 1267 1268 1269 2012
1258 1262 1266 1268 1269 1270 1271 1272 1273 1274 2018 2019 2020
1369 1370 1371 1372 1373 1374 1388 1389 1390 1394 1398 1399 2069
1580 1581 1582 1591 1593 1594 2100 2105 2106 2107 2108 2176 2178
57 58 59 80 92 93 94 95 96 97 98 99 134 135 135 136 137 138 151
298 299 385 386 387 388 389 390 391 393 394 397 400 401 402 403
382 383 384 385 398 399 400 586 587 587 588 590 591 592 593 594
402 403 404 405 406 407 408 409 596 603 651 655 656 657 658 980
402 403 404 405 406 407 408 409 596 602 603 657 658 659 660 977
415 416 417 418 419 420 421 422 423 596 660 661 681 685 694 977
557 558 559 570 571 572 573 715 721 722 728 731 732 733 738 894
576 577 579 582 745 748 750 751 752 753 754 913 915 916 938 939
576 577 579 582 745 748 750 751 752 753 754 913 915 916 939 952
591 592 595 596 681 696 697 698 699 700 966 967 968 971 972 974
607 608 609 610 612 613 628 629 631 632 636 640 641 645 646 648
742 743 744 745 746 893 898 899 900 901 902 903 909 910 912 913
746 747 884 887 888 892 893 909 912 913 915 916 930 939 943 955
756 757 758 759 884 915 916 923 924 926 927 928 930 931 932 933
783 784 785 786 797 806 807 808 809 813 845 846 847 848 855 879
792 793 794 795 796 797 815 816 817 818 821 832 837 838 839 840
798 799 800 801 806 856 857 858 859 860 861 862 863 873 877 878
4 5 6 8 10 18 19 20 21 22 23 24 25 26 1630 1631 1632 1633 1651
10 12 13 14 15 16 17 18 19 20 21 22 23 39 40 41 1641 1664 1665
23 24 25 26 27 28 29 30 31 32 34 35 36 37 38 39 1661 1662 1663
32 33 34 35 36 37 38 39 48 56 57 58 59 77 78 92 96 97 134 1680
71 72 73 225 226 227 228 229 231 232 234 235 236 237 2116 2123
99 100 101 102 103 104 137 138 140 141 143 144 145 147 148 149
299 300 430 431 432 433 434 435 436 437 438 439 1559 1560 1782
310 311 449 450 451 452 453 454 455 456 457 458 1012 1556 1741
490 491 511 512 513 514 516 1550 1551 1552 1553 1554 1555 1798
540 541 543 544 545 546 547 1540 1541 1542 1543 1544 1545 1804
998 999 1000 1001 1002 1482 1483 1484 1489 1490 1532 1536 1537
34 35 36 37 38 39 48 70 71 72 73 74 75 76 77 229 230 231 1612
52 53 54 55 56 57 58 59 78 79 80 81 82 91 119 120 123 124 128
137 141 142 143 144 176 177 178 179 180 181 189 190 1689 1698
208 209 210 261 262 265 266 267 268 269 270 271 272 1704 1705
291 292 293 294 295 296 297 298 1596 1597 1600 1601 1602 1603
421 422 423 681 682 683 684 685 686 687 688 689 694 1844 1845
422 423 681 682 683 684 685 686 687 688 689 690 694 1844 1845
493 494 495 496 497 498 499 500 501 503 505 506 509 2128 2129
493 494 495 496 497 498 500 501 503 505 506 507 509 2128 2129
494 495 496 497 498 499 500 501 503 505 508 509 510 2128 2129
806 807 855 856 857 858 859 860 861 862 863 864 865 1875 1882
5 6 7 8 9 10 12 13 14 15 16 17 18 19 22 22 23 1636 1637 1654
89 90 91 92 119 120 123 124 125 126 127 128 130 131 132 1677
245 246 247 248 249 337 337 340 341 342 344 345 534 538 1718
353 354 428 550 551 552 552 553 554 555 556 557 989 990 1753
364 365 366 367 368 369 559 560 561 563 564 565 566 567 1755
382 383 384 385 398 399 400 586 587 587 588 591 592 594 1768
415 416 417 418 419 420 421 422 423 681 682 683 684 694 1843
699 700 701 702 703 966 967 968 969 970 971 972 973 974 1846
713 714 760 761 773 882 883 884 884 956 957 958 959 960 1885
5 6 7 8 9 10 12 13 14 15 16 17 18 19 22 1636 1637 1638 1654
6 7 8 27 28 29 30 31 32 39 40 42 43 46 47 48 1655 1656 1664
50 51 52 56 57 58 59 80 81 82 84 85 86 91 92 92 124 125 126
82 83 84 85 87 88 115 116 117 118 119 120 121 122 1684 1685
144 145 174 175 176 177 178 179 180 181 182 183 184 185 187
258 259 371 372 373 374 375 376 577 579 1761 1762 1763 1764
419 420 421 422 423 681 682 683 684 685 686 687 691 692 694
419 420 421 422 423 681 682 683 684 685 686 687 691 694 695
472 473 477 478 479 480 481 482 483 484 485 486 487 488 489
555 556 557 715 716 717 718 719 720 721 722 723 724 725 726
574 575 576 739 740 741 742 744 745 903 904 905 906 907 908
583 586 591 704 763 763 764 765 766 767 768 769 770 771 772
607 608 609 610 612 613 628 629 630 631 640 641 645 646 648
651 655 656 657 658 659 660 977 978 979 980 981 982 983 984
714 715 728 729 730 731 732 733 888 893 912 939 948 949 950
732 733 893 893 893 893 894 895 896 897 909 912 948 950 954
756 757 758 759 884 915 916 923 924 926 927 928 930 933 934
1027 1028 1029 1030 1031 1032 1033 1034 1035 1036 1927 1928
1178 1179 1180 1181 1228 1229 1230 1231 1336 1984 1987 1988
1178 1179 1180 1181 1228 1228 1229 1230 1231 1336 1337 1985
1181 1182 1183 1184 1225 1226 1227 1228 1236 1237 1986 2010
1299 1300 1301 1303 1304 1327 1328 1329 1331 1332 1333 2023
1415 1416 1417 1418 1435 1436 1437 1438 1439 1440 1441 2077
1505 1506 1512 1513 1514 1522 1523 1524 1525 1526 1527 1528
35 36 37 38 39 48 71 72 73 74 75 76 77 231 1610 1611 1612
251 252 348 351 352 353 354 355 356 545 546 547 1721 1751
385 386 387 388 389 390 391 393 394 395 396 397 1769 1770
412 413 414 415 661 662 663 674 675 676 678 680 1839 1842
699 700 701 702 703 966 967 968 971 972 973 974 1846 1900
10 12 13 14 15 16 17 18 19 20 21 22 23 39 1637 1641 1659
88 89 90 91 92 119 120 121 122 123 124 125 128 1676 1677
88 89 90 91 92 119 120 121 122 123 124 125 128 1675 1677
105 106 107 108 109 110 111 117 191 192 196 198 199 1702
226 227 228 229 230 231 236 237 238 239 240 241 242 1717
245 246 247 248 249 337 338 339 340 341 342 344 345 1574
291 292 293 294 295 296 297 298 1596 1597 1600 1601 1609
412 413 414 415 661 662 663 674 675 676 678 679 680 1839
421 422 423 681 682 683 684 685 686 687 691 692 694 1778
472 473 477 478 479 480 481 482 483 484 485 486 487 1789
746 747 892 893 909 912 913 915 939 942 943 952 953 1891
862 863 864 868 869 870 871 872 1883 2144 2146 2196 2200
4 5 6 8 10 18 19 20 21 22 1636 1637 1639 1640 1641 1651
30 31 32 34 35 36 37 38 39 48 49 50 51 52 53 54 85 1663
49 50 51 52 53 54 55 56 57 58 59 80 81 82 84 85 86 1616
108 109 110 111 115 116 117 198 199 1684 1685 1702 1703
152 153 154 155 156 157 158 159 160 1692 1693 1694 1695
422 423 681 682 683 684 685 686 687 691 692 693 694 695
783 784 785 786 808 809 813 845 846 847 848 849 850 851
51 52 53 54 55 56 57 58 59 78 79 80 81 82 84 85 87 202
1143 1144 1161 1162 1163 1164 1339 1347 1348 1966 1967
1301 1303 1304 1327 1328 1329 1331 1333 2024 2025 2026
1371 1372 1373 1374 1390 1391 1392 1393 1394 1398 1399
2029 2030 2031 2032 2033 2034 2035 2036 2037 2038 2039
314 315 316 317 318 463 490 491 492 493 494 495 1742
555 556 557 715 716 717 718 719 720 721 722 726 1853
818 819 820 821 832 837 838 839 840 841 842 843 1877
991 992 1490 1495 1529 1529 1529 1530 1531 1909 1911
2 3 4 5 6 8 10 18 19 20 22 23 26 27 28 41 1654 2113
52 53 54 55 56 57 91 92 92 93 94 95 96 125 126 1678
795 796 797 817 818 819 820 821 832 835 836 837 838
472 473 477 478 479 480 481 482 483 1790 1791 1792
1 2 3 4 5 6 7 8 10 11 18 19 20 26 27 28 2113 2114
3 4 5 6 8 10 18 19 20 24 25 26 27 28 41 1653 2113
48 50 51 52 55 56 57 58 59 78 82 83 84 85 86 1668
152 153 154 155 156 157 158 159 160 161 1694 1695
412 413 414 415 662 662 663 674 675 676 1775 1839
799 801 806 856 857 862 863 865 866 867 1870 1872
799 801 806 856 857 862 863 865 866 867 1871 1872
1017 1018 1353 1354 1355 1356 1357 1358 1359 1360
1182 1183 1184 1228 1231 1232 1233 1234 1235 2011
1225 1226 1227 1228 1236 1237 1238 1239 2009 2010
1462 1463 1464 1465 1466 1467 1468 1470 1472 2088
1 2 3 4 6 7 8 10 11 18 19 20 1646 1647 2113 2114
258 259 371 372 373 374 375 376 577 578 579 1764
355 356 357 362 363 364 1563 1564 1565 1566 1567
355 356 357 362 363 364 1566 1567 1756 1757 1759
412 413 414 415 662 663 674 675 676 677 678 1839
716 717 718 719 720 721 722 723 724 726 727 1853
809 845 846 847 848 849 850 851 852 853 854 1876
224 225 320 321 322 323 330 331 524 525 526 527
230 231 236 237 238 239 240 242 1712 1713 1717
2 3 4 5 6 8 10 18 19 20 26 27 27 28 1648 2113
267 268 269 270 271 272 273 274 378 1729 1730
380 381 382 383 384 587 588 589 590 1766 1767
739 741 742 903 904 905 906 907 908 1887 1888
655 656 657 658 659 660 977 978 979 984 1836
1354 1355 1361 1362 1364 1365 1366 1367 2059
1403 1404 1405 1475 1476 1477 2071 2072 2089
1483 1484 1488 1489 1490 1534 1536 1537 1538
48 49 50 51 52 55 56 57 58 59 78 85 86 1667
355 356 357 362 363 364 1566 1567 1758 1759
741 742 743 744 900 901 902 903 905 906 965
56 57 58 59 79 80 92 93 94 95 96 97 98 203
991 992 1490 1495 1529 1529 1531 1910 1911
279 280 281 282 283 284 285 286 1733 1734
631 632 633 634 635 636 637 638 639 1832
655 656 657 658 659 660 977 978 979 1837
497 498 499 500 501 503 504 505 506 507
1093 1094 1095 1096 1097 1117 1349 1956
1102 1103 1104 1106 1107 1108 1957 1958
1164 1165 1200 1201 1201 1202 1203 1204
1225 1226 1227 1228 1236 1237 2008 2010
801 802 804 805 806 879 1874 2141 2147
179 180 181 182 183 184 185 187 1699
572 573 733 734 735 736 737 738 1854
12 13 14 15 16 17 18 1642 1643 1644
75 76 1610 1611 1612 1613 1614 2110
163 164 165 166 167 168 169 170 171
628 629 630 631 640 641 642 643 644
914 915 935 936 937 938 939 952 953
115 116 117 200 201 1683 1684 1685
1111 1112 1113 1114 1115 1116 1959
1208 1974 1975 1976 1977 1980 1981
1375 1376 1377 1378 1379 1380 1381
1463 1464 1465 1466 1467 1472 2087
149 150 151 163 172 173 1696 1697
357 362 1568 1569 1570 1571 1572
211 212 214 274 275 276 277 278
302 303 304 305 1575 1576 1739
939 940 941 942 943 1898 1899
1131 1944 1945 1946 1947 1948
1217 1218 1219 1277 2006 2007
1459 1460 1461 1473 1474 2086
1484 1488 1489 1536 1538 2090
7 8 9 10 1645 1646 1647 2113
261 262 263 264 265 266 1728
660 977 978 979 984 985 1901
365 366 367 1561 1562 1760
247 342 343 344 344 1720
748 750 751 752 753 1860
1126 1127 1128 1129 1961
1201 1202 1203 1204 1995
1304 1326 1326 2027 2028
1593 2101 2102 2103 2104
74 75 76 1610 1614 1615
601 1821 1822 1823 1824
342 343 344 1574 1750
1029 1030 1031 1926
1169 1170 1173 1982
1480 1912 1913 1914
1514 1522 1526 2098
1903 1904 1905 1906
886 887 955 1886
121 122 123 133
1049 1050 1932
1080 1081 1350
1495 2091 2092
1533 2171 2174
2121 2122 2194
2163 2164 2165
79 80 203 204
153 1686 1687
725 2138 2139
736 1807 1808
917 918 1896
424 425 426
571 572 988
92 93 1679
1022 1787
1063 2151
1112 1924
1113 1923
1139 1949
1171 1172
1172 1962
1302 1998
1318 2054
1361 1919
1362 1363
1464 2167
1486 1908
1489 1907
1512 2094
1512 2096
1529 2170
1584 2177
1709 1710
1736 1737
1743 1744
1775 1776
1827 2182
1937 2186
1943 2187
1998 1999
2052 2053
2065 2190
2073 2074
2094 2095
2117 2167
2119 2188
2124 2125
2127 2152
2135 2177
2137 2170
2145 2148
2149 2190
2171 2172
2172 2173
101 1673
290 1735
418 1777
511 1747
511 1796
577 1765
625 1827
707 1780
768 1847
890 1852
37 1657
